a <- 15009
b <- 15-66
c <- 42
a + b / 2
c - 15 + b
20 / (a+b)
b ^ 2
a * b / 5 ^ 2

